[4.28211173038332,
 9.122012236528208,
 4.195854327147311,
 11.685109765834515,
 8.161469928972469,
 5.321421388556523,
 9.457576558620419,
 9.909498102355723,
 5.260470327628705,
 4.880471243452102,
 4.907241505961428,
 10.539487399838933,
 7.256729500211964,
 5.6827773762217335,
 2.827134100871806,
 7.4306962101358325,
 3.7798159882774165,
 10.727552816071473,
 4.6489636323070895,
 7.576525448876191,
 7.473912080596514,
 4.601681445771708,
 4.243934726636376,
 3.6249619965244446,
 5.709037616367184,
 8.825267144354195,
 9.735653827047615,
 4.174507629627108,
 6.5952165244269665,
 4.256868338486099,
 5.50863418487562,
 4.1953616470627875,
 6.252065635229954,
 4.475345572238684,
 7.061803995953899,
 7.664168657341865,
 1.757802743120938,
 6.21619922614044,
 7.046328642092189,
 4.428538112212463,
 1.8894600854935033,
 4.470342859552843,
 3.2724284160385704,
 7.27016648538664,
 7.034268870810201,
 5.448028769907978,
 5.207284451775009,
 12.672297635598728,
 2.6125813143534455,
 2.960697762454683,
 5.449994269489411,
 6.865225168545786,
 5.020535570455717,
 6.929927484608935,
 7.20846619418486,
 11.33183781775492,
 6.101579296294314,
 7.564054089754963,
 10.558847274198438,
 6.421300355902416,
 4.31307311303348,
 5.585499215555836,
 6.55424769900992,
 8.256525328987415,
 9.697475991762115,
 8.995241003502079,
 7.276096862656089,
 4.6524292506544755,
 5.4585132136128545,
 7.014699506895292,
 6.868724662006486,
 4.738632763853976,
 5.0123745927992935,
 5.879278439731029,
 5.549907593581257,
 5.464952756201649,
 4.708307186234358,
 6.9885690382481105,
 2.96804292615622,
 8.006632217002036,
 5.211100930476017,
 6.274821220471036,
 6.416714147264344,
 3.1802300728377917,
 7.787164033046101,
 4.242718277085836,
 6.103506314494728,
 9.605180320741358,
 4.899296043527372,
 2.6713803205029896,
 6.039761358139416,
 4.587605903185282,
 2.8066819177690556,
 5.169567800729902,
 4.608186925755068,
 5.036673618535046,
 8.707398763936842,
 6.604421179678084,
 3.579629532928704,
 6.111553592134584,
 5.208897979673276,
 6.645418308179131,
 6.258956616023468,
 2.6936421311214764,
 8.414361391368711,
 6.611280454459935,
 7.5124239757065165,
 5.067236878149499,
 6.177273694093795,
 7.585364422681727,
 5.006811490570183,
 6.316419217852168,
 4.75698503021188,
 6.252971783799415,
 5.682524630278355,
 4.180249517432527,
 4.806091576282676,
 11.164308414432815,
 5.3114058652274165,
 5.845599907407408,
 4.071772205004152,
 6.401210186388937,
 8.5704497202474,
 6.995706523586519,
 5.691628343459556,
 7.36220347486085,
 7.521012071653183,
 8.143610351310862,
 8.09582912096004,
 10.116604905784895,
 6.547733900695725,
 4.68255963322527,
 3.491534886252489,
 5.397003486109644,
 8.612585771164534,
 5.528366308356375,
 7.861616806938006,
 8.598128830633211,
 8.992516408879677,
 7.865665021112192,
 3.7368705479650637,
 11.694476651978187,
 4.505834145270717,
 7.727992523290269,
 4.837193399394933,
 4.843596968692512,
 5.942660093091125,
 5.994050289541893,
 6.620696094756666,
 5.523221867107596,
 6.738037880777093,
 6.318164161957003,
 3.8240723117932482,
 6.115598666407733,
 3.892310484472534,
 6.518011132128606,
 8.875729356900553,
 5.050065570594358,
 6.034254885903511,
 3.793346515728793,
 3.5961050662739935,
 2.8195224897275386,
 3.7132375265040376,
 2.588657500665431,
 2.9974000377693875,
 9.570221562266445,
 5.33053082564302,
 9.385266868563383,
 5.765887660585068,
 4.442017300939244,
 7.296544373614004,
 7.43418119128579,
 5.972772118916068,
 8.54694008247976,
 4.718454546332079,
 6.371233476589366,
 5.5483289956733515,
 5.669571056405398,
 9.673944142358366,
 5.377500692910928,
 6.007247154575746,
 10.488326731662202,
 5.053661359050159,
 4.442172482318297,
 13.79867710547676,
 4.6557847787618325,
 5.297399894787828,
 5.836821298067341,
 6.757315616362438,
 8.041976153220887,
 4.66394698083813,
 5.099302161616857]